% time	cellId	IMSI	frame	sframe	RNTI	mcs	size
0.026	1	1	3	7	1	0	19
0.026	1	20	3	7	2	0	19
0.026	1	19	3	7	3	0	19
0.026	1	6	3	7	4	0	19
0.026	1	17	3	7	5	0	19
0.026	1	7	3	7	6	0	19
0.026	1	9	3	7	7	0	19
0.026	1	4	3	7	8	0	19
0.027	1	1	3	8	1	0	19
0.027	1	20	3	8	2	0	19
0.027	1	19	3	8	3	0	19
0.027	1	6	3	8	4	0	19
0.027	1	17	3	8	5	0	19
0.027	1	7	3	8	6	0	19
0.027	1	9	3	8	7	0	19
0.027	1	4	3	8	8	0	19
0.028	1	1	3	9	1	0	19
0.028	1	20	3	9	2	0	19
0.028	1	19	3	9	3	0	19
0.028	1	6	3	9	4	0	19
0.028	1	17	3	9	5	0	19
0.028	1	7	3	9	6	0	19
0.028	1	9	3	9	7	0	19
0.028	1	4	3	9	8	0	19
0.029	1	1	3	10	1	0	19
0.029	1	20	3	10	2	0	19
0.029	1	19	3	10	3	0	19
0.029	1	6	3	10	4	0	19
0.03	1	17	4	1	5	0	19
0.03	1	7	4	1	6	0	19
0.03	1	9	4	1	7	0	19
0.03	1	4	4	1	8	0	19
0.03	1	1	4	1	1	0	19
0.03	1	20	4	1	2	0	19
0.03	1	19	4	1	3	0	19
0.03	1	6	4	1	4	0	19
0.031	1	17	4	2	5	0	7
0.031	1	7	4	2	6	0	7
0.031	1	9	4	2	7	0	7
0.031	1	4	4	2	8	0	7
0.031	1	16	4	2	9	0	7
0.031	1	8	4	2	10	0	7
0.031	1	12	4	2	11	0	7
0.031	1	3	4	2	12	0	7
0.031	1	13	4	2	13	0	7
0.031	1	14	4	2	14	0	7
0.031	1	18	4	2	15	0	7
0.031	1	11	4	2	16	0	7
0.031	1	1	4	2	1	0	7
0.031	1	20	4	2	2	0	7
0.031	1	19	4	2	3	0	7
0.031	1	6	4	2	4	0	7
0.032	1	17	4	3	5	0	7
0.032	1	7	4	3	6	0	7
0.032	1	9	4	3	7	0	7
0.032	1	4	4	3	8	0	7
0.032	1	16	4	3	9	0	7
0.032	1	8	4	3	10	0	7
0.032	1	12	4	3	11	0	7
0.032	1	3	4	3	12	0	7
0.032	1	13	4	3	13	0	7
0.032	1	14	4	3	14	0	7
0.032	1	18	4	3	15	0	7
0.032	1	11	4	3	16	0	7
0.032	1	1	4	3	1	0	7
0.032	1	20	4	3	2	0	7
0.032	1	19	4	3	3	0	7
0.032	1	6	4	3	4	0	7
0.033	1	17	4	4	5	15	277
0.033	1	7	4	4	6	15	277
0.033	1	9	4	4	7	15	277
0.033	1	4	4	4	8	15	277
0.033	1	16	4	4	9	15	7
0.033	1	8	4	4	10	15	7
0.033	1	12	4	4	11	15	7
0.033	1	3	4	4	12	15	7
0.033	1	13	4	4	13	15	7
0.033	1	14	4	4	14	15	7
0.033	1	18	4	4	15	15	7
0.033	1	11	4	4	16	15	7
0.033	1	1	4	4	1	15	277
0.033	1	20	4	4	2	15	277
0.033	1	19	4	4	3	15	277
0.033	1	6	4	4	4	15	277
0.034	1	17	4	5	5	15	277
0.034	1	7	4	5	6	15	277
0.034	1	9	4	5	7	15	277
0.034	1	4	4	5	8	15	277
0.034	1	16	4	5	9	15	7
0.034	1	8	4	5	10	15	7
0.034	1	12	4	5	11	15	7
0.034	1	3	4	5	12	15	7
0.034	1	13	4	5	13	15	7
0.034	1	14	4	5	14	15	7
0.034	1	18	4	5	15	15	7
0.034	1	11	4	5	16	15	7
0.034	1	1	4	5	1	15	277
0.034	1	20	4	5	2	15	277
0.034	1	19	4	5	3	15	277
0.034	1	6	4	5	4	15	277
0.035	1	17	4	6	5	15	277
0.035	1	7	4	6	6	15	277
0.035	1	9	4	6	7	15	277
0.035	1	4	4	6	8	15	277
0.035	1	16	4	6	9	15	7
0.035	1	8	4	6	10	15	7
0.035	1	12	4	6	11	15	7
0.035	1	3	4	6	12	15	7
0.035	1	13	4	6	13	15	7
0.035	1	14	4	6	14	15	7
0.035	1	18	4	6	15	15	7
0.035	1	11	4	6	16	15	7
0.035	1	1	4	6	1	15	277
0.035	1	20	4	6	2	15	277
0.035	1	19	4	6	3	15	277
0.035	1	6	4	6	4	15	277
0.036	1	17	4	7	5	15	277
0.036	1	7	4	7	6	15	277
0.036	1	9	4	7	7	15	277
0.036	1	4	4	7	8	15	277
0.036	1	16	4	7	9	15	7
0.036	1	8	4	7	10	15	7
0.036	1	12	4	7	11	15	7
0.036	1	3	4	7	12	15	7
0.036	1	13	4	7	13	15	7
0.036	1	14	4	7	14	15	7
0.036	1	18	4	7	15	15	7
0.036	1	11	4	7	16	15	7
0.036	1	1	4	7	1	15	277
0.036	1	20	4	7	2	15	277
0.036	1	19	4	7	3	15	277
0.036	1	6	4	7	4	15	277
0.037	1	17	4	8	5	15	277
0.037	1	7	4	8	6	15	277
0.037	1	9	4	8	7	15	277
0.037	1	4	4	8	8	15	277
0.037	1	16	4	8	9	15	7
0.037	1	8	4	8	10	15	7
0.037	1	12	4	8	11	15	7
0.037	1	3	4	8	12	15	7
0.037	1	13	4	8	13	15	7
0.037	1	14	4	8	14	15	7
0.037	1	18	4	8	15	15	7
0.037	1	11	4	8	16	15	7
0.037	1	2	4	8	19	15	277
0.037	1	5	4	8	20	15	277
0.037	1	10	4	8	21	15	277
0.037	1	15	4	8	22	15	277
0.038	1	1	4	9	1	15	277
0.038	1	20	4	9	2	15	277
0.038	1	19	4	9	3	15	277
0.038	1	6	4	9	4	15	277
0.038	1	17	4	9	5	15	277
0.038	1	7	4	9	6	15	277
0.038	1	9	4	9	7	15	277
0.038	1	4	4	9	8	15	277
0.038	1	16	4	9	9	15	7
0.038	1	8	4	9	10	15	7
0.038	1	12	4	9	11	15	7
0.038	1	3	4	9	12	15	7
0.038	1	13	4	9	13	15	7
0.038	1	14	4	9	14	15	7
0.038	1	18	4	9	15	15	7
0.038	1	11	4	9	16	15	7
0.039	1	2	4	10	19	0	7
0.039	1	5	4	10	20	0	7
0.039	1	10	4	10	21	0	7
0.039	1	15	4	10	22	0	7
0.039	1	1	4	10	1	15	277
0.039	1	20	4	10	2	15	277
0.039	1	19	4	10	3	15	277
0.039	1	6	4	10	4	15	277
0.039	1	17	4	10	5	15	277
0.039	1	7	4	10	6	15	277
0.039	1	9	4	10	7	15	277
0.039	1	4	4	10	8	15	277
0.039	1	16	4	10	9	15	7
0.039	1	8	4	10	10	15	7
0.039	1	12	4	10	11	15	7
0.039	1	3	4	10	12	15	7
0.04	1	7	5	1	6	15	277
0.04	1	13	5	1	13	15	277
0.04	1	14	5	1	14	15	277
0.04	1	18	5	1	15	15	277
0.04	1	11	5	1	16	15	277
0.04	1	2	5	1	19	15	7
0.04	1	5	5	1	20	15	7
0.04	1	10	5	1	21	15	7
0.04	1	15	5	1	22	15	7
0.04	1	1	5	1	1	15	277
0.04	1	20	5	1	2	15	277
0.04	1	19	5	1	3	15	277
0.04	1	6	5	1	4	15	277
0.04	1	17	5	1	5	15	277
0.04	1	9	5	1	7	15	277
0.04	1	4	5	1	8	15	277
0.041	1	7	5	2	6	15	277
0.041	1	16	5	2	9	15	277
0.041	1	8	5	2	10	15	277
0.041	1	12	5	2	11	15	277
0.041	1	3	5	2	12	15	277
0.041	1	13	5	2	13	15	277
0.041	1	14	5	2	14	15	277
0.041	1	18	5	2	15	15	277
0.041	1	11	5	2	16	15	277
0.041	1	2	5	2	19	15	7
0.041	1	5	5	2	20	15	7
0.041	1	10	5	2	21	15	7
0.041	1	15	5	2	22	15	7
0.041	1	1	5	2	1	15	277
0.041	1	20	5	2	2	15	277
0.041	1	19	5	2	3	15	277
0.042	1	7	5	3	6	15	277
0.042	1	19	5	3	3	15	277
0.042	1	6	5	3	4	15	277
0.042	1	17	5	3	5	15	277
0.042	1	9	5	3	7	15	277
0.042	1	4	5	3	8	15	277
0.042	1	16	5	3	9	15	277
0.042	1	8	5	3	10	15	277
0.042	1	12	5	3	11	15	277
0.042	1	3	5	3	12	15	277
0.042	1	13	5	3	13	15	277
0.042	1	14	5	3	14	15	277
0.042	1	18	5	3	15	15	277
0.042	1	11	5	3	16	15	277
0.042	1	2	5	3	19	15	7
0.042	1	5	5	3	20	15	7
0.043	1	7	5	4	6	15	277
0.043	1	10	5	4	21	0	7
0.043	1	15	5	4	22	0	7
0.043	1	1	5	4	1	15	277
0.043	1	20	5	4	2	15	277
0.043	1	19	5	4	3	12	173
0.043	1	6	5	4	4	15	277
0.043	1	17	5	4	5	15	277
0.043	1	9	5	4	7	15	277
0.043	1	4	5	4	8	15	277
0.043	1	16	5	4	9	15	277
0.043	1	8	5	4	10	15	277
0.043	1	12	5	4	11	15	277
0.043	1	3	5	4	12	15	277
0.043	1	13	5	4	13	15	277
0.043	1	14	5	4	14	15	277
0.044	1	7	5	5	6	15	277
0.044	1	18	5	5	15	15	277
0.044	1	11	5	5	16	15	277
0.044	1	2	5	5	19	15	277
0.044	1	5	5	5	20	15	277
0.044	1	10	5	5	21	15	277
0.044	1	15	5	5	22	15	277
0.044	1	1	5	5	1	15	277
0.044	1	20	5	5	2	15	277
0.044	1	19	5	5	3	15	277
0.044	1	6	5	5	4	15	277
0.044	1	17	5	5	5	15	277
0.044	1	9	5	5	7	13	201
0.044	1	4	5	5	8	15	277
0.044	1	16	5	5	9	15	277
0.044	1	8	5	5	10	15	277
0.045	1	7	5	6	6	15	277
0.045	1	12	5	6	11	15	277
0.045	1	3	5	6	12	15	277
0.045	1	13	5	6	13	15	277
0.045	1	14	5	6	14	15	277
0.045	1	18	5	6	15	15	277
0.045	1	11	5	6	16	15	277
0.045	1	2	5	6	19	15	277
0.045	1	5	5	6	20	15	277
0.045	1	10	5	6	21	15	277
0.045	1	15	5	6	22	15	277
0.045	1	1	5	6	1	15	277
0.045	1	20	5	6	2	15	277
0.045	1	19	5	6	3	12	173
0.045	1	6	5	6	4	15	277
0.045	1	17	5	6	5	15	277
0.046	1	7	5	7	6	15	277
0.046	1	9	5	7	7	15	277
0.046	1	4	5	7	8	15	277
0.046	1	16	5	7	9	15	277
0.046	1	8	5	7	10	15	277
0.046	1	12	5	7	11	15	277
0.046	1	3	5	7	12	15	277
0.046	1	13	5	7	13	15	277
0.046	1	14	5	7	14	15	277
0.046	1	18	5	7	15	15	277
0.046	1	11	5	7	16	15	277
0.046	1	2	5	7	19	15	277
0.046	1	5	5	7	20	15	277
0.046	1	10	5	7	21	15	277
0.046	1	15	5	7	22	15	277
0.046	1	1	5	7	1	15	277
0.047	1	11	5	8	16	15	277
0.047	1	18	5	8	15	15	277
0.047	1	20	5	8	2	15	277
0.047	1	19	5	8	3	15	277
0.047	1	6	5	8	4	15	277
0.047	1	17	5	8	5	15	277
0.047	1	7	5	8	6	15	277
0.047	1	9	5	8	7	15	277
0.047	1	4	5	8	8	15	277
0.047	1	16	5	8	9	15	277
0.047	1	8	5	8	10	15	277
0.047	1	12	5	8	11	15	277
0.047	1	3	5	8	12	15	277
0.047	1	13	5	8	13	15	277
0.047	1	14	5	8	14	15	277
0.047	1	2	5	8	19	15	277
0.048	1	8	5	9	10	15	277
0.048	1	11	5	9	16	15	277
0.048	1	16	5	9	9	15	277
0.048	1	18	5	9	15	15	277
0.048	1	10	5	9	21	15	277
0.048	1	15	5	9	22	15	277
0.048	1	1	5	9	1	15	277
0.048	1	20	5	9	2	15	277
0.048	1	19	5	9	3	15	277
0.048	1	6	5	9	4	15	277
0.048	1	17	5	9	5	15	277
0.048	1	7	5	9	6	15	277
0.048	1	9	5	9	7	13	201
0.048	1	4	5	9	8	15	277
0.048	1	12	5	9	11	15	277
0.049	1	8	5	10	10	15	277
0.049	1	11	5	10	16	15	277
0.049	1	16	5	10	9	15	277
0.049	1	18	5	10	15	15	277
0.049	1	3	5	10	12	15	277
0.049	1	13	5	10	13	15	277
0.049	1	14	5	10	14	15	277
0.049	1	2	5	10	19	15	277
0.049	1	5	5	10	20	15	277
0.049	1	1	5	10	1	15	277
0.049	1	20	5	10	2	15	277
0.049	1	19	5	10	3	12	173
0.049	1	6	5	10	4	15	277
0.049	1	17	5	10	5	15	277
0.05	1	8	6	1	10	15	277
0.05	1	16	6	1	9	15	277
0.05	1	7	6	1	6	15	277
0.05	1	9	6	1	7	15	277
0.05	1	4	6	1	8	15	277
0.05	1	12	6	1	11	15	277
0.05	1	3	6	1	12	15	277
0.05	1	13	6	1	13	15	277
0.05	1	14	6	1	14	15	277
0.05	1	18	6	1	15	10	121
0.05	1	11	6	1	16	11	145
0.05	1	5	6	1	20	15	277
0.05	1	10	6	1	21	15	277
0.05	1	15	6	1	22	15	277
0.05	1	1	6	1	1	15	277
0.051	1	8	6	2	10	15	277
0.051	1	11	6	2	16	15	277
0.051	1	16	6	2	9	15	277
0.051	1	18	6	2	15	15	277
0.051	1	19	6	2	3	15	277
0.051	1	20	6	2	2	15	277
0.051	1	6	6	2	4	15	277
0.051	1	17	6	2	5	15	277
0.051	1	7	6	2	6	11	145
0.051	1	9	6	2	7	13	201
0.051	1	4	6	2	8	15	277
0.051	1	12	6	2	11	15	277
0.051	1	3	6	2	12	15	277
0.051	1	13	6	2	13	15	277
0.051	1	14	6	2	14	15	277
0.052	1	11	6	3	16	15	277
0.052	1	18	6	3	15	15	277
0.052	1	5	6	3	20	15	277
0.052	1	10	6	3	21	15	277
0.052	1	1	6	3	1	15	277
0.052	1	20	6	3	2	15	277
0.052	1	19	6	3	3	15	277
0.052	1	6	6	3	4	15	277
0.052	1	17	6	3	5	15	277
0.052	1	7	6	3	6	11	145
0.052	1	9	6	3	7	15	277
0.052	1	4	6	3	8	15	277
0.052	1	16	6	3	9	15	277
0.052	1	8	6	3	10	15	277
0.052	1	12	6	3	11	15	277
0.053	1	8	6	4	10	15	277
0.053	1	11	6	4	16	15	277
0.053	1	16	6	4	9	15	277
0.053	1	18	6	4	15	15	277
0.053	1	3	6	4	12	15	277
0.053	1	13	6	4	13	15	277
0.053	1	14	6	4	14	15	277
0.053	1	15	6	4	22	15	277
0.053	1	1	6	4	1	15	277
0.053	1	20	6	4	2	15	277
0.053	1	19	6	4	3	12	173
0.053	1	6	6	4	4	15	277
0.053	1	17	6	4	5	15	277
0.054	1	7	6	5	6	15	277
0.054	1	8	6	5	10	15	277
0.054	1	16	6	5	9	15	277
0.054	1	19	6	5	3	15	277
0.054	1	9	6	5	7	13	201
0.054	1	4	6	5	8	15	277
0.054	1	12	6	5	11	15	277
0.054	1	3	6	5	12	15	277
0.054	1	13	6	5	13	15	277
0.054	1	14	6	5	14	15	277
0.054	1	18	6	5	15	10	121
0.054	1	2	6	5	19	15	277
0.054	1	5	6	5	20	15	277
0.054	1	10	6	5	21	12	173
0.054	1	15	6	5	22	15	277
0.055	1	7	6	6	6	15	277
0.055	1	19	6	6	3	15	277
0.055	1	1	6	6	1	15	277
0.055	1	20	6	6	2	15	277
0.055	1	6	6	6	4	15	277
0.055	1	17	6	6	5	15	277
0.055	1	9	6	6	7	13	201
0.055	1	4	6	6	8	15	277
0.055	1	16	6	6	9	15	277
0.055	1	8	6	6	10	15	277
0.055	1	12	6	6	11	15	277
0.055	1	3	6	6	12	15	277
0.055	1	13	6	6	13	15	277
0.056	1	1	6	7	1	15	277
0.056	1	20	6	7	2	15	277
0.056	1	19	6	7	3	12	173
0.056	1	6	6	7	4	15	277
0.056	1	17	6	7	5	15	277
0.056	1	7	6	7	6	11	145
0.056	1	9	6	7	7	13	201
0.056	1	4	6	7	8	15	277
0.057	1	7	6	8	6	15	277
0.057	1	13	6	8	13	15	277
0.057	1	14	6	8	14	15	277
0.057	1	1	6	8	1	15	277
0.057	1	20	6	8	2	15	277
0.057	1	19	6	8	3	12	173
0.057	1	6	6	8	4	15	277
0.057	1	17	6	8	5	15	277
0.057	1	9	6	8	7	13	201
0.057	1	4	6	8	8	15	277
0.058	1	8	6	9	10	15	277
0.058	1	12	6	9	11	15	277
0.058	1	3	6	9	12	15	277
0.058	1	13	6	9	13	15	277
0.058	1	14	6	9	14	15	277
0.058	1	18	6	9	15	15	277
0.058	1	11	6	9	16	15	277
0.058	1	2	6	9	19	15	277
0.058	1	5	6	9	20	15	277
0.058	1	10	6	9	21	15	277
0.058	1	15	6	9	22	15	277
0.058	1	1	6	9	1	15	277
0.058	1	20	6	9	2	15	277
0.058	1	6	6	9	4	15	277
0.059	1	8	6	10	10	15	277
0.059	1	16	6	10	9	15	277
0.059	1	17	6	10	5	15	277
0.059	1	7	6	10	6	11	145
0.059	1	9	6	10	7	13	201
0.059	1	4	6	10	8	15	277
0.059	1	12	6	10	11	15	277
0.059	1	3	6	10	12	15	277
0.059	1	13	6	10	13	15	277
0.059	1	14	6	10	14	15	277
0.059	1	18	6	10	15	10	121
0.059	1	11	6	10	16	15	277
0.059	1	2	6	10	19	15	7
0.059	1	5	6	10	20	15	277
0.059	1	10	6	10	21	15	277
0.059	1	15	6	10	22	15	277
0.06	1	1	7	1	1	15	277
0.06	1	20	7	1	2	15	277
0.06	1	19	7	1	3	12	173
0.06	1	6	7	1	4	15	277
0.06	1	17	7	1	5	15	277
0.06	1	7	7	1	6	11	145
0.06	1	9	7	1	7	13	201
0.06	1	4	7	1	8	15	277
0.061	1	2	7	2	19	15	277
0.061	1	1	7	2	1	15	277
0.061	1	20	7	2	2	15	277
0.061	1	19	7	2	3	12	173
0.061	1	6	7	2	4	15	277
0.061	1	17	7	2	5	15	277
0.061	1	7	7	2	6	11	145
0.061	1	9	7	2	7	13	201
0.061	1	4	7	2	8	15	277
0.062	1	8	7	3	10	15	277
0.062	1	16	7	3	9	15	277
0.062	1	13	7	3	13	15	277
0.062	1	14	7	3	14	15	277
0.062	1	18	7	3	15	15	277
0.062	1	11	7	3	16	15	277
0.062	1	2	7	3	19	15	277
0.062	1	5	7	3	20	15	277
0.062	1	10	7	3	21	15	277
0.062	1	15	7	3	22	15	277
0.062	1	1	7	3	1	15	277
0.062	1	20	7	3	2	15	277
0.062	1	19	7	3	3	12	173
0.062	1	6	7	3	4	15	277
0.062	1	17	7	3	5	15	277
0.062	1	7	7	3	6	15	277
0.063	1	9	7	4	7	13	201
0.063	1	4	7	4	8	15	277
0.063	1	12	7	4	11	15	277
0.063	1	3	7	4	12	15	277
0.063	1	13	7	4	13	15	277
0.063	1	14	7	4	14	15	277
0.063	1	18	7	4	15	10	121
0.063	1	11	7	4	16	10	7
0.063	1	2	7	4	19	15	277
0.063	1	5	7	4	20	15	277
0.063	1	10	7	4	21	15	277
0.063	1	15	7	4	22	15	277
0.063	1	1	7	4	1	15	277
0.063	1	20	7	4	2	15	277
0.064	1	19	7	5	3	15	277
0.064	1	6	7	5	4	15	277
0.064	1	17	7	5	5	15	277
0.064	1	7	7	5	6	11	145
0.064	1	9	7	5	7	13	201
0.064	1	4	7	5	8	15	277
0.064	1	16	7	5	9	10	121
0.064	1	8	7	5	10	11	145
0.064	1	12	7	5	11	15	277
0.064	1	3	7	5	12	15	277
0.064	1	13	7	5	13	15	277
0.064	1	14	7	5	14	15	277
0.064	1	18	7	5	15	15	7
0.064	1	11	7	5	16	15	7
0.064	1	2	7	5	19	15	7
0.064	1	5	7	5	20	15	7
0.065	1	8	7	6	10	15	277
0.065	1	11	7	6	16	15	277
0.065	1	18	7	6	15	15	277
0.065	1	10	7	6	21	15	277
0.065	1	15	7	6	22	15	277
0.065	1	1	7	6	1	15	277
0.065	1	20	7	6	2	15	277
0.065	1	19	7	6	3	12	173
0.065	1	6	7	6	4	15	277
0.065	1	17	7	6	5	15	277
0.065	1	7	7	6	6	11	145
0.065	1	9	7	6	7	13	201
0.065	1	4	7	6	8	15	277
0.065	1	16	7	6	9	15	7
0.066	1	11	7	7	16	15	277
0.066	1	13	7	7	13	15	277
0.066	1	14	7	7	14	15	277
0.066	1	18	7	7	15	15	277
0.066	1	2	7	7	19	15	277
0.066	1	5	7	7	20	15	277
0.066	1	10	7	7	21	15	277
0.066	1	15	7	7	22	15	277
0.066	1	1	7	7	1	15	277
0.066	1	20	7	7	2	15	277
0.066	1	19	7	7	3	15	277
0.066	1	6	7	7	4	15	277
0.066	1	17	7	7	5	15	277
0.066	1	7	7	7	6	15	277
0.066	1	9	7	7	7	13	201
0.066	1	4	7	7	8	15	277
0.067	1	16	7	8	9	15	277
0.067	1	8	7	8	10	11	145
0.067	1	12	7	8	11	15	277
0.067	1	3	7	8	12	15	277
0.067	1	13	7	8	13	15	277
0.067	1	14	7	8	14	15	277
0.067	1	18	7	8	15	10	121
0.067	1	11	7	8	16	11	145
0.067	1	2	7	8	19	15	277
0.067	1	5	7	8	20	15	277
0.067	1	10	7	8	21	12	173
0.067	1	15	7	8	22	15	277
0.067	1	1	7	8	1	15	277
0.067	1	20	7	8	2	15	277
0.067	1	6	7	8	4	15	277
0.068	1	17	7	9	5	15	277
0.068	1	7	7	9	6	11	145
0.068	1	9	7	9	7	13	201
0.068	1	4	7	9	8	15	277
0.068	1	16	7	9	9	15	277
0.068	1	18	7	9	15	15	277
0.068	1	11	7	9	16	15	277
0.068	1	2	7	9	19	15	277
0.068	1	5	7	9	20	15	277
0.068	1	10	7	9	21	15	277
0.068	1	15	7	9	22	15	277
0.069	1	7	7	10	6	15	277
0.069	1	11	7	10	16	15	277
0.069	1	18	7	10	15	15	277
0.069	1	1	7	10	1	15	277
0.069	1	20	7	10	2	15	277
0.069	1	19	7	10	3	12	173
0.069	1	6	7	10	4	15	277
0.069	1	17	7	10	5	15	277
0.069	1	9	7	10	7	13	201
0.069	1	4	7	10	8	15	277
0.069	1	16	7	10	9	15	277
0.069	1	12	7	10	11	15	7
0.069	1	3	7	10	12	15	7
0.069	1	13	7	10	13	15	277
0.069	1	14	7	10	14	15	277
0.07	1	2	8	1	19	15	277
0.07	1	5	8	1	20	15	277
0.07	1	10	8	1	21	15	277
0.07	1	15	8	1	22	15	277
0.07	1	1	8	1	1	15	277
0.07	1	20	8	1	2	15	277
0.07	1	19	8	1	3	12	173
0.07	1	6	8	1	4	15	277
0.07	1	17	8	1	5	15	277
0.07	1	7	8	1	6	11	145
0.07	1	9	8	1	7	13	201
0.07	1	4	8	1	8	15	277
0.07	1	16	8	1	9	15	277
0.07	1	12	8	1	11	15	277
0.07	1	3	8	1	12	15	277
0.071	1	13	8	2	13	15	277
0.071	1	14	8	2	14	15	277
0.071	1	18	8	2	15	10	121
0.071	1	11	8	2	16	11	145
0.071	1	2	8	2	19	15	277
0.071	1	5	8	2	20	15	277
0.071	1	10	8	2	21	15	277
0.071	1	15	8	2	22	15	277
0.071	1	1	8	2	1	15	277
0.071	1	20	8	2	2	15	277
0.071	1	19	8	2	3	15	277
0.071	1	6	8	2	4	15	277
0.071	1	17	8	2	5	15	277
0.071	1	7	8	2	6	15	277
0.071	1	9	8	2	7	13	201
0.071	1	4	8	2	8	15	277
0.072	1	16	8	3	9	15	277
0.072	1	12	8	3	11	15	277
0.072	1	3	8	3	12	15	277
0.072	1	13	8	3	13	15	277
0.072	1	14	8	3	14	15	277
0.072	1	2	8	3	19	15	277
0.072	1	5	8	3	20	15	277
0.072	1	10	8	3	21	12	173
0.072	1	15	8	3	22	15	277
0.072	1	1	8	3	1	15	277
0.072	1	20	8	3	2	15	277
0.072	1	6	8	3	4	15	277
0.073	1	7	8	4	6	15	277
0.073	1	18	8	4	15	15	277
0.073	1	17	8	4	5	15	277
0.073	1	9	8	4	7	13	201
0.073	1	4	8	4	8	15	277
0.073	1	16	8	4	9	15	277
0.073	1	12	8	4	11	15	277
0.073	1	3	8	4	12	15	277
0.073	1	11	8	4	16	15	277
0.073	1	2	8	4	19	15	277
0.073	1	5	8	4	20	15	277
0.073	1	10	8	4	21	15	277
0.073	1	15	8	4	22	15	277
0.074	1	16	8	5	9	15	277
0.074	1	1	8	5	1	15	277
0.074	1	20	8	5	2	15	277
0.074	1	19	8	5	3	15	277
0.074	1	6	8	5	4	15	277
0.074	1	17	8	5	5	15	277
0.074	1	9	8	5	7	13	201
0.074	1	4	8	5	8	15	277
0.074	1	12	8	5	11	15	277
0.074	1	3	8	5	12	15	277
0.074	1	18	8	5	15	15	277
0.074	1	11	8	5	16	15	277
0.075	1	11	8	6	16	15	277
0.075	1	16	8	6	9	15	277
0.075	1	18	8	6	15	15	277
0.075	1	2	8	6	19	15	277
0.075	1	5	8	6	20	15	277
0.075	1	10	8	6	21	15	277
0.075	1	15	8	6	22	15	277
0.075	1	1	8	6	1	15	277
0.075	1	20	8	6	2	15	277
0.075	1	19	8	6	3	12	173
0.075	1	6	8	6	4	15	277
0.075	1	17	8	6	5	15	277
0.075	1	9	8	6	7	13	201
0.075	1	4	8	6	8	15	277
0.076	1	16	8	7	9	15	277
0.076	1	12	8	7	11	15	277
0.076	1	3	8	7	12	15	277
0.076	1	13	8	7	13	15	277
0.076	1	14	8	7	14	15	277
0.076	1	18	8	7	15	15	277
0.076	1	11	8	7	16	15	277
0.076	1	2	8	7	19	15	277
0.076	1	5	8	7	20	15	277
0.076	1	10	8	7	21	12	173
0.076	1	15	8	7	22	15	277
0.076	1	1	8	7	1	15	277
0.076	1	20	8	7	2	15	277
0.076	1	19	8	7	3	12	173
0.076	1	6	8	7	4	15	277
0.076	1	17	8	7	5	15	277
0.077	1	16	8	8	9	15	277
0.077	1	9	8	8	7	13	201
0.077	1	4	8	8	8	15	277
0.077	1	8	8	8	10	15	7
0.077	1	12	8	8	11	15	277
0.077	1	3	8	8	12	15	277
0.077	1	13	8	8	13	15	277
0.077	1	14	8	8	14	15	277
0.077	1	18	8	8	15	10	121
0.077	1	2	8	8	19	15	277
0.077	1	5	8	8	20	15	277
0.077	1	10	8	8	21	15	277
0.077	1	15	8	8	22	15	277
0.077	1	1	8	8	1	15	277
0.078	1	7	8	9	6	15	277
0.078	1	20	8	9	2	15	277
0.078	1	6	8	9	4	15	277
0.078	1	17	8	9	5	15	277
0.078	1	9	8	9	7	13	201
0.078	1	4	8	9	8	15	277
0.078	1	16	8	9	9	10	121
0.078	1	8	8	9	10	10	7
0.078	1	12	8	9	11	15	277
0.078	1	3	8	9	12	15	277
0.078	1	13	8	9	13	15	277
0.078	1	14	8	9	14	15	277
0.078	1	11	8	9	16	15	277
0.078	1	2	8	9	19	15	277
0.079	1	16	8	10	9	15	277
0.079	1	5	8	10	20	15	277
0.079	1	10	8	10	21	12	173
0.079	1	15	8	10	22	15	277
0.079	1	1	8	10	1	15	277
0.079	1	20	8	10	2	15	277
0.079	1	19	8	10	3	12	173
0.079	1	6	8	10	4	15	277
0.079	1	17	8	10	5	15	277
0.079	1	7	8	10	6	11	145
0.079	1	9	8	10	7	13	201
0.079	1	4	8	10	8	15	277
0.079	1	8	8	10	10	15	7
0.079	1	12	8	10	11	15	277
0.079	1	3	8	10	12	15	277
0.079	1	13	8	10	13	15	277
0.08	1	11	9	1	16	15	277
0.08	1	16	9	1	9	15	277
0.08	1	14	9	1	14	15	277
0.08	1	18	9	1	15	15	277
0.08	1	2	9	1	19	15	277
0.08	1	5	9	1	20	15	277
0.08	1	10	9	1	21	12	173
0.08	1	15	9	1	22	15	277
0.08	1	1	9	1	1	15	277
0.08	1	20	9	1	2	15	277
0.08	1	6	9	1	4	15	277
0.08	1	17	9	1	5	15	277
0.08	1	9	9	1	7	13	201
0.08	1	4	9	1	8	15	277
0.081	1	11	9	2	16	15	277
0.081	1	18	9	2	15	15	277
0.081	1	19	9	2	3	15	277
0.081	1	8	9	2	10	0	7
0.081	1	12	9	2	11	15	277
0.081	1	3	9	2	12	15	277
0.081	1	13	9	2	13	15	277
0.081	1	14	9	2	14	15	277
0.081	1	2	9	2	19	15	277
0.081	1	5	9	2	20	15	277
0.081	1	10	9	2	21	12	173
0.081	1	15	9	2	22	15	277
0.081	1	1	9	2	1	15	277
0.081	1	20	9	2	2	15	277
0.081	1	6	9	2	4	15	277
0.081	1	17	9	2	5	15	277
0.082	1	9	9	3	7	13	201
0.082	1	4	9	3	8	15	277
0.082	1	16	9	3	9	15	277
0.082	1	8	9	3	10	15	7
0.082	1	12	9	3	11	15	277
0.082	1	3	9	3	12	15	277
0.082	1	13	9	3	13	15	7
0.082	1	14	9	3	14	15	7
0.082	1	18	9	3	15	15	277
0.082	1	11	9	3	16	11	145
0.082	1	2	9	3	19	15	277
0.082	1	5	9	3	20	15	277
0.082	1	10	9	3	21	15	277
0.082	1	15	9	3	22	15	277
0.082	1	1	9	3	1	15	277
0.083	1	11	9	4	16	15	277
0.083	1	18	9	4	15	15	277
0.083	1	20	9	4	2	15	277
0.083	1	6	9	4	4	15	277
0.083	1	17	9	4	5	15	277
0.083	1	7	9	4	6	15	7
0.083	1	9	9	4	7	13	201
0.083	1	4	9	4	8	15	277
0.083	1	8	9	4	10	15	7
0.083	1	13	9	4	13	15	277
0.083	1	14	9	4	14	15	277
0.083	1	2	9	4	19	15	277
0.084	1	5	9	5	20	15	277
0.084	1	10	9	5	21	15	277
0.084	1	15	9	5	22	15	277
0.084	1	1	9	5	1	15	277
0.084	1	20	9	5	2	15	277
0.084	1	19	9	5	3	12	173
0.084	1	6	9	5	4	15	277
0.084	1	17	9	5	5	15	277
0.084	1	7	9	5	6	15	7
0.084	1	9	9	5	7	15	277
0.084	1	4	9	5	8	15	277
0.084	1	16	9	5	9	15	277
0.084	1	8	9	5	10	15	277
0.084	1	12	9	5	11	15	277
0.084	1	3	9	5	12	15	277
0.084	1	13	9	5	13	15	277
0.085	1	11	9	6	16	15	277
0.085	1	14	9	6	14	15	277
0.085	1	18	9	6	15	15	277
0.085	1	2	9	6	19	15	277
0.085	1	5	9	6	20	15	277
0.085	1	10	9	6	21	15	277
0.085	1	15	9	6	22	15	277
0.085	1	1	9	6	1	15	277
0.085	1	20	9	6	2	15	277
0.085	1	19	9	6	3	15	277
0.085	1	6	9	6	4	15	277
0.085	1	17	9	6	5	15	277
0.085	1	7	9	6	6	15	277
0.085	1	9	9	6	7	13	201
0.085	1	4	9	6	8	15	277
0.085	1	16	9	6	9	15	277
0.086	1	8	9	7	10	15	277
0.086	1	12	9	7	11	15	277
0.086	1	3	9	7	12	15	277
0.086	1	13	9	7	13	15	277
0.086	1	14	9	7	14	15	277
0.086	1	18	9	7	15	15	277
0.086	1	11	9	7	16	15	277
0.086	1	2	9	7	19	15	277
0.086	1	5	9	7	20	15	277
0.086	1	10	9	7	21	15	277
0.086	1	15	9	7	22	15	277
0.086	1	1	9	7	1	15	277
0.086	1	20	9	7	2	15	277
0.086	1	19	9	7	3	12	173
0.086	1	6	9	7	4	15	277
0.086	1	17	9	7	5	15	277
0.087	1	18	9	8	15	15	277
0.087	1	7	9	8	6	15	277
0.087	1	9	9	8	7	13	201
0.087	1	4	9	8	8	15	277
0.087	1	8	9	8	10	15	277
0.087	1	12	9	8	11	15	277
0.087	1	3	9	8	12	15	277
0.087	1	13	9	8	13	15	277
0.087	1	14	9	8	14	15	277
0.087	1	2	9	8	19	15	277
0.087	1	5	9	8	20	15	277
0.087	1	10	9	8	21	12	173
0.087	1	15	9	8	22	15	277
0.087	1	1	9	8	1	15	277
0.088	1	20	9	9	2	15	277
0.088	1	6	9	9	4	15	277
0.088	1	17	9	9	5	15	277
0.088	1	7	9	9	6	15	277
0.088	1	9	9	9	7	13	201
0.088	1	4	9	9	8	15	277
0.088	1	16	9	9	9	15	277
0.088	1	8	9	9	10	15	277
0.088	1	12	9	9	11	15	277
0.088	1	3	9	9	12	15	277
0.088	1	13	9	9	13	15	277
0.088	1	14	9	9	14	15	277
0.088	1	18	9	9	15	15	277
0.088	1	11	9	9	16	11	145
0.088	1	2	9	9	19	15	277
0.089	1	16	9	10	9	15	277
0.089	1	18	9	10	15	15	277
0.089	1	5	9	10	20	15	277
0.089	1	10	9	10	21	15	277
0.089	1	15	9	10	22	15	277
0.089	1	1	9	10	1	15	277
0.089	1	20	9	10	2	15	277
0.089	1	19	9	10	3	12	173
0.089	1	6	9	10	4	15	277
0.089	1	17	9	10	5	15	277
0.089	1	7	9	10	6	15	7
0.089	1	9	9	10	7	13	201
0.089	1	4	9	10	8	15	277
0.089	1	8	9	10	10	15	277
0.089	1	12	9	10	11	15	277
0.089	1	3	9	10	12	15	277
0.09	1	13	10	1	13	15	277
0.09	1	14	10	1	14	15	277
0.09	1	11	10	1	16	11	145
0.09	1	2	10	1	19	15	277
0.09	1	5	10	1	20	15	277
0.09	1	10	10	1	21	12	173
0.09	1	15	10	1	22	15	277
0.09	1	1	10	1	1	15	277
0.09	1	20	10	1	2	15	277
0.09	1	19	10	1	3	12	173
0.09	1	6	10	1	4	15	277
0.09	1	17	10	1	5	15	277
0.09	1	7	10	1	6	15	277
0.09	1	9	10	1	7	13	201
0.09	1	4	10	1	8	15	277
0.091	1	8	10	2	10	15	277
0.091	1	16	10	2	9	15	277
0.091	1	12	10	2	11	15	277
0.091	1	3	10	2	12	15	277
0.091	1	13	10	2	13	15	277
0.091	1	14	10	2	14	15	277
0.091	1	2	10	2	19	15	277
0.091	1	5	10	2	20	15	277
0.091	1	10	10	2	21	12	173
0.091	1	15	10	2	22	15	277
0.091	1	1	10	2	1	15	277
0.091	1	20	10	2	2	15	277
0.091	1	6	10	2	4	15	277
0.092	1	7	10	3	6	15	277
0.092	1	16	10	3	9	15	277
0.092	1	18	10	3	15	15	277
0.092	1	17	10	3	5	15	277
0.092	1	9	10	3	7	13	201
0.092	1	4	10	3	8	15	277
0.092	1	12	10	3	11	15	277
0.092	1	3	10	3	12	15	277
0.092	1	2	10	3	19	15	277
0.092	1	5	10	3	20	15	277
0.092	1	10	10	3	21	12	173
0.092	1	15	10	3	22	15	277
0.093	1	8	10	4	10	15	277
0.093	1	11	10	4	16	15	277
0.093	1	18	10	4	15	15	277
0.093	1	1	10	4	1	15	277
0.093	1	20	10	4	2	15	277
0.093	1	6	10	4	4	15	277
0.093	1	17	10	4	5	15	277
0.093	1	9	10	4	7	13	201
0.093	1	4	10	4	8	15	277
0.093	1	16	10	4	9	10	121
0.093	1	12	10	4	11	15	277
0.093	1	3	10	4	12	15	277
0.093	1	13	10	4	13	15	277
0.093	1	14	10	4	14	15	277
0.094	1	7	10	5	6	15	277
0.094	1	8	10	5	10	15	277
0.094	1	2	10	5	19	15	277
0.094	1	5	10	5	20	15	277
0.094	1	10	10	5	21	15	277
0.094	1	15	10	5	22	15	277
0.094	1	1	10	5	1	15	277
0.094	1	20	10	5	2	15	277
0.094	1	19	10	5	3	12	173
0.094	1	6	10	5	4	15	277
0.094	1	17	10	5	5	15	277
0.094	1	9	10	5	7	13	201
0.094	1	4	10	5	8	15	277
0.094	1	12	10	5	11	15	277
0.094	1	3	10	5	12	15	277
0.095	1	7	10	6	6	15	277
0.095	1	8	10	6	10	15	277
0.095	1	16	10	6	9	15	277
0.095	1	18	10	6	15	15	277
0.095	1	13	10	6	13	15	277
0.095	1	14	10	6	14	15	277
0.095	1	11	10	6	16	15	277
0.095	1	2	10	6	19	15	277
0.095	1	5	10	6	20	15	277
0.095	1	10	10	6	21	12	173
0.095	1	15	10	6	22	15	277
0.095	1	1	10	6	1	15	277
0.095	1	20	10	6	2	15	277
0.095	1	19	10	6	3	12	173
0.095	1	6	10	6	4	15	277
0.095	1	17	10	6	5	15	277
0.096	1	8	10	7	10	15	277
0.096	1	9	10	7	7	13	201
0.096	1	4	10	7	8	15	277
0.096	1	16	10	7	9	15	277
0.096	1	12	10	7	11	15	277
0.096	1	3	10	7	12	15	277
0.096	1	13	10	7	13	15	277
0.096	1	14	10	7	14	15	277
0.096	1	18	10	7	15	15	277
0.096	1	11	10	7	16	15	277
0.096	1	2	10	7	19	15	277
0.096	1	5	10	7	20	15	277
0.096	1	10	10	7	21	15	277
0.096	1	15	10	7	22	15	277
0.096	1	1	10	7	1	15	277
0.096	1	20	10	7	2	15	277
0.097	1	7	10	8	6	15	277
0.097	1	19	10	8	3	12	173
0.097	1	6	10	8	4	15	277
0.097	1	17	10	8	5	15	277
0.097	1	9	10	8	7	13	201
0.097	1	4	10	8	8	15	277
0.097	1	16	10	8	9	15	277
0.097	1	8	10	8	10	15	277
0.097	1	12	10	8	11	15	277
0.097	1	3	10	8	12	15	277
0.097	1	13	10	8	13	15	277
0.097	1	14	10	8	14	15	277
0.097	1	18	10	8	15	15	277
0.097	1	11	10	8	16	15	277
0.098	1	10	10	9	21	12	173
0.098	1	15	10	9	22	15	277
0.098	1	1	10	9	1	15	277
0.098	1	20	10	9	2	15	277
0.098	1	19	10	9	3	12	173
0.098	1	6	10	9	4	15	277
0.098	1	17	10	9	5	15	277
0.098	1	7	10	9	6	15	277
0.098	1	9	10	9	7	13	201
0.098	1	4	10	9	8	15	277
0.098	1	16	10	9	9	15	277
0.098	1	8	10	9	10	15	277
0.098	1	12	10	9	11	15	277
0.098	1	3	10	9	12	15	277
0.098	1	13	10	9	13	15	277
0.098	1	14	10	9	14	15	277
0.099	1	18	10	10	15	15	277
0.099	1	11	10	10	16	15	277
0.099	1	2	10	10	19	15	277
0.099	1	5	10	10	20	15	277
0.099	1	10	10	10	21	12	173
0.099	1	15	10	10	22	15	277
0.099	1	1	10	10	1	15	277
0.099	1	20	10	10	2	15	277
0.099	1	19	10	10	3	12	173
0.099	1	6	10	10	4	15	277
0.099	1	17	10	10	5	15	277
0.099	1	9	10	10	7	13	201
0.099	1	4	10	10	8	15	277
0.099	1	16	10	10	9	15	277
0.099	1	8	10	10	10	15	277
