% time	cellId	IMSI	frame	sframe	RNTI	mcs	size
0.026	1	7	3	7	1	0	19
0.026	1	39	3	7	2	0	19
0.026	1	22	3	7	3	0	19
0.026	1	38	3	7	4	0	19
0.026	1	28	3	7	5	0	19
0.026	1	25	3	7	6	0	19
0.026	1	13	3	7	7	0	19
0.026	1	5	3	7	8	0	19
0.027	1	7	3	8	1	0	19
0.027	1	39	3	8	2	0	19
0.027	1	22	3	8	3	0	19
0.027	1	38	3	8	4	0	19
0.027	1	28	3	8	5	0	19
0.027	1	25	3	8	6	0	19
0.027	1	13	3	8	7	0	19
0.027	1	5	3	8	8	0	19
0.028	1	7	3	9	1	0	19
0.028	1	39	3	9	2	0	19
0.028	1	22	3	9	3	0	19
0.028	1	38	3	9	4	0	19
0.028	1	28	3	9	5	0	19
0.028	1	25	3	9	6	0	19
0.028	1	13	3	9	7	0	19
0.028	1	5	3	9	8	0	19
0.03	1	7	4	1	1	0	19
0.03	1	39	4	1	2	0	19
0.03	1	22	4	1	3	0	19
0.03	1	38	4	1	4	0	19
0.03	1	28	4	1	5	0	19
0.03	1	25	4	1	6	0	19
0.03	1	13	4	1	7	0	19
0.03	1	5	4	1	8	0	19
0.031	1	7	4	2	1	0	7
0.031	1	39	4	2	2	0	7
0.031	1	22	4	2	3	0	7
0.031	1	38	4	2	4	0	7
0.031	1	28	4	2	5	0	7
0.031	1	25	4	2	6	0	7
0.031	1	13	4	2	7	0	7
0.031	1	5	4	2	8	0	7
0.031	1	32	4	2	26	0	7
0.031	1	14	4	2	27	0	7
0.031	1	33	4	2	28	0	7
0.031	1	37	4	2	29	15	277
0.031	1	6	4	2	30	14	225
0.031	1	12	4	2	31	15	277
0.031	1	34	4	2	32	15	7
0.031	1	40	4	2	33	15	7
0.032	1	7	4	3	1	0	7
0.032	1	39	4	3	2	0	7
0.032	1	22	4	3	3	0	7
0.032	1	38	4	3	4	0	7
0.032	1	28	4	3	5	0	7
0.032	1	25	4	3	6	0	7
0.032	1	13	4	3	7	0	7
0.032	1	5	4	3	8	0	7
0.032	1	32	4	3	26	0	7
0.032	1	14	4	3	27	0	7
0.032	1	33	4	3	28	0	7
0.032	1	37	4	3	29	0	7
0.032	1	6	4	3	30	14	225
0.032	1	12	4	3	31	15	277
0.032	1	34	4	3	32	15	277
0.032	1	40	4	3	33	15	7
0.033	1	7	4	4	1	13	201
0.033	1	39	4	4	2	15	277
0.033	1	22	4	4	3	15	277
0.033	1	38	4	4	4	15	277
0.033	1	28	4	4	5	15	277
0.033	1	25	4	4	6	15	277
0.033	1	13	4	4	7	15	277
0.033	1	5	4	4	8	15	277
0.033	1	32	4	4	26	15	7
0.033	1	14	4	4	27	15	7
0.033	1	33	4	4	28	15	7
0.033	1	37	4	4	29	15	7
0.033	1	6	4	4	30	15	7
0.033	1	12	4	4	31	15	277
0.033	1	34	4	4	32	15	277
0.033	1	40	4	4	33	14	225
0.034	1	7	4	5	1	13	201
0.034	1	39	4	5	2	15	277
0.034	1	22	4	5	3	15	277
0.034	1	38	4	5	4	15	277
0.034	1	28	4	5	5	15	277
0.034	1	25	4	5	6	15	277
0.034	1	13	4	5	7	15	277
0.034	1	5	4	5	8	15	277
0.034	1	32	4	5	26	15	7
0.034	1	14	4	5	27	15	7
0.034	1	33	4	5	28	15	7
0.034	1	37	4	5	29	15	7
0.034	1	6	4	5	30	15	7
0.034	1	12	4	5	31	15	7
0.034	1	34	4	5	32	15	277
0.034	1	40	4	5	33	14	225
0.036	1	7	4	7	1	13	201
0.036	1	39	4	7	2	15	277
0.036	1	22	4	7	3	15	277
0.036	1	38	4	7	4	15	277
0.036	1	28	4	7	5	15	277
0.036	1	25	4	7	6	15	277
0.036	1	13	4	7	7	15	277
0.036	1	5	4	7	8	15	277
0.036	1	32	4	7	26	15	7
0.036	1	14	4	7	27	15	7
0.036	1	33	4	7	28	15	7
0.036	1	37	4	7	29	15	7
0.036	1	6	4	7	30	15	7
0.036	1	12	4	7	31	15	7
0.036	1	34	4	7	32	15	7
0.036	1	40	4	7	33	15	7
0.037	1	7	4	8	1	13	201
0.037	1	39	4	8	2	15	277
0.037	1	22	4	8	3	15	277
0.037	1	38	4	8	4	15	277
0.037	1	28	4	8	5	15	277
0.037	1	25	4	8	6	15	277
0.037	1	13	4	8	7	15	277
0.037	1	5	4	8	8	15	277
0.037	1	32	4	8	26	15	7
0.037	1	14	4	8	27	15	7
0.037	1	33	4	8	28	15	7
0.037	1	37	4	8	29	15	7
0.037	1	6	4	8	30	15	7
0.037	1	12	4	8	31	15	7
0.037	1	34	4	8	32	15	7
0.037	1	40	4	8	33	15	7
0.038	1	15	4	9	46	0	7
0.038	1	1	4	9	47	0	7
0.038	1	24	4	9	48	0	7
0.038	1	21	4	9	49	0	7
0.038	1	16	4	9	50	0	7
0.038	1	23	4	9	51	0	7
0.038	1	19	4	9	52	0	7
0.038	1	3	4	9	53	0	7
0.038	1	7	4	9	1	15	277
0.038	1	39	4	9	2	15	277
0.038	1	22	4	9	3	15	277
0.038	1	38	4	9	4	15	277
0.038	1	28	4	9	5	15	277
0.038	1	25	4	9	6	15	277
0.038	1	13	4	9	7	15	277
0.038	1	5	4	9	8	15	277
0.039	1	32	4	10	26	15	277
0.039	1	14	4	10	27	15	277
0.039	1	33	4	10	28	15	277
0.039	1	37	4	10	29	15	277
0.039	1	6	4	10	30	15	277
0.039	1	12	4	10	31	15	277
0.039	1	34	4	10	32	15	277
0.039	1	40	4	10	33	15	277
0.039	1	15	4	10	46	15	7
0.039	1	1	4	10	47	15	7
0.039	1	24	4	10	48	15	7
0.039	1	21	4	10	49	15	7
0.039	1	16	4	10	50	15	7
0.039	1	23	4	10	51	15	7
0.039	1	19	4	10	52	15	7
0.039	1	3	4	10	53	15	7
0.04	1	22	5	1	3	15	277
0.04	1	25	5	1	6	15	277
0.04	1	7	5	1	1	13	201
0.04	1	39	5	1	2	12	173
0.04	1	38	5	1	4	12	173
0.04	1	28	5	1	5	15	277
0.04	1	13	5	1	7	15	277
0.04	1	5	5	1	8	15	277
0.04	1	12	5	1	31	15	277
0.04	1	34	5	1	32	15	277
0.04	1	40	5	1	33	14	225
0.042	1	15	5	3	46	0	7
0.042	1	1	5	3	47	0	7
0.042	1	24	5	3	48	0	7
0.042	1	21	5	3	49	0	7
0.042	1	16	5	3	50	0	7
0.042	1	23	5	3	51	0	7
0.042	1	19	5	3	52	0	7
0.042	1	3	5	3	53	0	7
0.042	1	7	5	3	1	15	277
0.042	1	39	5	3	2	15	277
0.042	1	22	5	3	3	15	277
0.042	1	38	5	3	4	15	277
0.042	1	28	5	3	5	15	277
0.042	1	25	5	3	6	15	277
0.042	1	13	5	3	7	15	277
0.042	1	5	5	3	8	15	277
0.043	1	22	5	4	3	15	277
0.043	1	25	5	4	6	15	277
0.043	1	32	5	4	26	15	277
0.043	1	14	5	4	27	15	277
0.043	1	33	5	4	28	15	277
0.043	1	37	5	4	29	15	277
0.043	1	6	5	4	30	15	277
0.043	1	12	5	4	31	15	277
0.043	1	34	5	4	32	15	277
0.043	1	40	5	4	33	15	277
0.043	1	15	5	4	46	15	7
0.043	1	1	5	4	47	15	7
0.043	1	24	5	4	48	15	7
0.043	1	21	5	4	49	15	7
0.043	1	16	5	4	50	15	7
0.043	1	23	5	4	51	15	7
0.044	1	22	5	5	3	15	277
0.044	1	25	5	5	6	15	277
0.044	1	19	5	5	52	0	7
0.044	1	3	5	5	53	0	7
0.044	1	8	5	5	63	0	7
0.044	1	20	5	5	64	0	7
0.044	1	18	5	5	65	0	7
0.044	1	17	5	5	66	0	7
0.044	1	29	5	5	67	0	7
0.044	1	31	5	5	68	0	7
0.044	1	27	5	5	69	0	7
0.044	1	9	5	5	70	0	7
0.044	1	7	5	5	1	15	277
0.044	1	39	5	5	2	15	277
0.044	1	38	5	5	4	15	277
0.044	1	28	5	5	5	15	277
0.045	1	22	5	6	3	15	277
0.045	1	25	5	6	6	15	277
0.045	1	13	5	6	7	15	277
0.045	1	5	5	6	8	15	277
0.045	1	32	5	6	26	15	277
0.045	1	14	5	6	27	15	277
0.045	1	33	5	6	28	15	277
0.045	1	37	5	6	29	15	277
0.045	1	6	5	6	30	15	277
0.045	1	12	5	6	31	15	277
0.045	1	34	5	6	32	15	277
0.045	1	40	5	6	33	15	277
0.045	1	15	5	6	46	15	277
0.045	1	1	5	6	47	15	277
0.045	1	24	5	6	48	15	277
0.045	1	21	5	6	49	15	277
0.046	1	33	5	7	28	15	277
0.046	1	16	5	7	50	15	277
0.046	1	23	5	7	51	15	277
0.046	1	19	5	7	52	15	277
0.046	1	3	5	7	53	15	277
0.046	1	8	5	7	63	15	7
0.046	1	20	5	7	64	15	7
0.046	1	18	5	7	65	15	7
0.046	1	17	5	7	66	15	7
0.046	1	29	5	7	67	15	7
0.046	1	31	5	7	68	15	7
0.046	1	27	5	7	69	15	7
0.046	1	9	5	7	70	15	7
0.046	1	7	5	7	1	15	277
0.046	1	39	5	7	2	15	277
0.046	1	22	5	7	3	15	277
0.047	1	38	5	8	4	15	277
0.047	1	28	5	8	5	15	277
0.047	1	25	5	8	6	15	277
0.047	1	13	5	8	7	15	277
0.047	1	5	5	8	8	15	277
0.047	1	32	5	8	26	15	277
0.047	1	14	5	8	27	15	277
0.047	1	33	5	8	28	15	277
0.047	1	37	5	8	29	15	277
0.047	1	6	5	8	30	15	277
0.047	1	12	5	8	31	15	277
0.047	1	34	5	8	32	15	277
0.047	1	40	5	8	33	15	277
0.047	1	15	5	8	46	11	145
0.047	1	1	5	8	47	11	145
0.047	1	24	5	8	48	15	277
0.048	1	21	5	9	49	15	277
0.048	1	16	5	9	50	15	277
0.048	1	23	5	9	51	15	277
0.048	1	19	5	9	52	15	277
0.048	1	3	5	9	53	15	277
0.048	1	8	5	9	63	15	7
0.048	1	20	5	9	64	15	7
0.048	1	18	5	9	65	15	7
0.048	1	17	5	9	66	15	7
0.048	1	29	5	9	67	15	7
0.048	1	31	5	9	68	15	7
0.048	1	27	5	9	69	15	7
0.048	1	9	5	9	70	15	7
0.048	1	7	5	9	1	15	277
0.048	1	39	5	9	2	15	277
0.048	1	22	5	9	3	15	277
0.049	1	22	5	10	3	15	277
0.049	1	25	5	10	6	15	277
0.049	1	38	5	10	4	15	277
0.049	1	28	5	10	5	15	277
0.049	1	13	5	10	7	15	277
0.049	1	5	5	10	8	15	277
0.049	1	32	5	10	26	15	7
0.049	1	14	5	10	27	15	7
0.049	1	33	5	10	28	15	7
0.049	1	37	5	10	29	15	7
0.049	1	6	5	10	30	15	7
0.049	1	12	5	10	31	15	277
0.049	1	34	5	10	32	15	277
0.049	1	40	5	10	33	15	277
0.049	1	15	5	10	46	11	145
0.049	1	1	5	10	47	11	145
0.05	1	33	6	1	28	15	277
0.05	1	24	6	1	48	14	225
0.05	1	21	6	1	49	15	277
0.05	1	16	6	1	50	10	121
0.05	1	23	6	1	51	15	277
0.05	1	19	6	1	52	15	277
0.05	1	3	6	1	53	15	277
0.05	1	8	6	1	63	15	7
0.05	1	20	6	1	64	15	7
0.05	1	18	6	1	65	15	7
0.05	1	17	6	1	66	15	7
0.05	1	29	6	1	67	15	7
0.05	1	31	6	1	68	15	7
0.05	1	27	6	1	69	15	7
0.05	1	9	6	1	70	15	7
0.05	1	36	6	1	73	15	7
0.051	1	4	6	2	74	0	7
0.051	1	35	6	2	75	0	7
0.051	1	2	6	2	76	0	7
0.051	1	30	6	2	77	0	7
0.051	1	10	6	2	78	0	7
0.051	1	26	6	2	79	0	7
0.051	1	11	6	2	80	0	7
0.051	1	7	6	2	1	15	277
0.051	1	39	6	2	2	15	277
0.051	1	22	6	2	3	15	277
0.051	1	38	6	2	4	15	277
0.051	1	28	6	2	5	15	277
0.051	1	25	6	2	6	15	277
0.051	1	13	6	2	7	15	277
0.051	1	5	6	2	8	15	277
0.051	1	32	6	2	26	15	277
0.052	1	1	6	3	47	15	277
0.052	1	15	6	3	46	15	277
0.052	1	33	6	3	28	15	277
0.052	1	14	6	3	27	15	277
0.052	1	37	6	3	29	15	277
0.052	1	6	6	3	30	15	277
0.052	1	12	6	3	31	15	277
0.052	1	34	6	3	32	15	277
0.052	1	40	6	3	33	15	277
0.052	1	24	6	3	48	14	225
0.052	1	21	6	3	49	15	277
0.052	1	16	6	3	50	10	121
0.052	1	23	6	3	51	15	277
0.052	1	19	6	3	52	10	121
0.052	1	3	6	3	53	15	277
0.052	1	8	6	3	63	15	277
0.053	1	16	6	4	50	15	277
0.053	1	19	6	4	52	15	277
0.053	1	22	6	4	3	15	277
0.053	1	20	6	4	64	15	277
0.053	1	18	6	4	65	15	277
0.053	1	17	6	4	66	15	277
0.053	1	29	6	4	67	15	277
0.053	1	31	6	4	68	15	277
0.053	1	27	6	4	69	15	277
0.053	1	9	6	4	70	15	277
0.053	1	36	6	4	73	15	7
0.053	1	4	6	4	74	15	7
0.053	1	35	6	4	75	15	7
0.053	1	2	6	4	76	15	7
0.053	1	30	6	4	77	15	7
0.053	1	10	6	4	78	15	7
0.054	1	25	6	5	6	15	277
0.054	1	33	6	5	28	15	277
0.054	1	26	6	5	79	0	7
0.054	1	11	6	5	80	0	7
0.054	1	7	6	5	1	15	277
0.054	1	39	6	5	2	15	277
0.054	1	22	6	5	3	10	121
0.054	1	38	6	5	4	12	173
0.054	1	28	6	5	5	15	277
0.054	1	13	6	5	7	15	277
0.054	1	5	6	5	8	15	277
0.054	1	32	6	5	26	15	277
0.054	1	14	6	5	27	15	277
0.054	1	37	6	5	29	15	277
0.054	1	6	6	5	30	15	277
0.054	1	12	6	5	31	15	277
0.055	1	16	6	6	50	15	277
0.055	1	19	6	6	52	15	277
0.055	1	22	6	6	3	15	277
0.055	1	34	6	6	32	15	277
0.055	1	40	6	6	33	15	277
0.055	1	15	6	6	46	11	145
0.055	1	1	6	6	47	11	145
0.055	1	24	6	6	48	14	225
0.055	1	21	6	6	49	15	277
0.055	1	23	6	6	51	15	277
0.055	1	3	6	6	53	13	201
0.055	1	8	6	6	63	15	277
0.055	1	20	6	6	64	15	277
0.055	1	18	6	6	65	15	277
0.055	1	17	6	6	66	15	277
0.055	1	29	6	6	67	15	277
0.056	1	31	6	7	68	15	277
0.056	1	27	6	7	69	15	277
0.056	1	9	6	7	70	15	277
0.056	1	36	6	7	73	15	7
0.056	1	4	6	7	74	15	7
0.056	1	35	6	7	75	15	7
0.056	1	2	6	7	76	15	7
0.056	1	30	6	7	77	15	7
0.056	1	10	6	7	78	15	7
0.056	1	26	6	7	79	15	7
0.056	1	11	6	7	80	15	7
0.056	1	7	6	7	1	15	277
0.056	1	39	6	7	2	15	277
0.056	1	22	6	7	3	15	277
0.056	1	38	6	7	4	12	173
0.056	1	28	6	7	5	15	277
0.057	1	19	6	8	52	15	277
0.057	1	25	6	8	6	15	277
0.057	1	13	6	8	7	15	277
0.057	1	5	6	8	8	15	277
0.057	1	32	6	8	26	15	277
0.057	1	14	6	8	27	15	277
0.057	1	12	6	8	31	15	277
0.057	1	34	6	8	32	15	277
0.057	1	40	6	8	33	15	277
0.057	1	15	6	8	46	11	145
0.057	1	1	6	8	47	11	145
0.057	1	24	6	8	48	14	225
0.057	1	21	6	8	49	15	277
0.058	1	22	6	9	3	15	277
0.058	1	25	6	9	6	15	277
0.058	1	16	6	9	50	10	121
0.058	1	23	6	9	51	15	277
0.058	1	19	6	9	52	10	121
0.058	1	3	6	9	53	13	201
0.058	1	8	6	9	63	15	277
0.058	1	20	6	9	64	15	277
0.058	1	9	6	9	70	15	277
0.058	1	36	6	9	73	15	277
0.058	1	4	6	9	74	15	277
0.059	1	35	6	10	75	15	277
0.059	1	2	6	10	76	15	277
0.059	1	30	6	10	77	15	277
0.059	1	10	6	10	78	15	277
0.059	1	26	6	10	79	15	277
0.059	1	11	6	10	80	15	277
0.059	1	7	6	10	1	15	277
0.059	1	39	6	10	2	15	277
0.059	1	22	6	10	3	15	277
0.059	1	38	6	10	4	15	277
0.059	1	28	6	10	5	15	277
0.059	1	25	6	10	6	11	145
0.059	1	13	6	10	7	15	277
0.059	1	5	6	10	8	15	277
0.059	1	32	6	10	26	15	277
0.059	1	14	6	10	27	15	277
0.06	1	18	7	1	65	15	277
0.06	1	20	7	1	64	15	277
0.06	1	29	7	1	67	15	277
0.06	1	33	7	1	28	15	277
0.06	1	37	7	1	29	15	277
0.06	1	6	7	1	30	15	277
0.06	1	12	7	1	31	15	277
0.06	1	34	7	1	32	15	277
0.06	1	40	7	1	33	15	277
0.06	1	15	7	1	46	11	145
0.06	1	1	7	1	47	11	145
0.06	1	24	7	1	48	14	225
0.06	1	21	7	1	49	15	277
0.06	1	16	7	1	50	10	121
0.06	1	23	7	1	51	15	277
0.06	1	19	7	1	52	10	121
0.061	1	3	7	2	53	13	201
0.061	1	8	7	2	63	15	277
0.061	1	20	7	2	64	15	277
0.061	1	18	7	2	65	15	277
0.061	1	17	7	2	66	13	201
0.061	1	29	7	2	67	11	145
0.061	1	31	7	2	68	14	225
0.061	1	27	7	2	69	15	277
0.061	1	9	7	2	70	14	225
0.061	1	26	7	2	79	15	277
0.062	1	18	7	3	65	15	277
0.062	1	20	7	3	64	15	277
0.062	1	29	7	3	67	15	277
0.062	1	11	7	3	80	15	277
0.062	1	7	7	3	1	13	201
0.062	1	39	7	3	2	12	173
0.062	1	22	7	3	3	15	277
0.062	1	38	7	3	4	15	277
0.062	1	28	7	3	5	15	277
0.062	1	25	7	3	6	15	277
0.062	1	13	7	3	7	15	277
0.062	1	5	7	3	8	15	277
0.062	1	32	7	3	26	15	277
0.062	1	14	7	3	27	15	277
0.062	1	33	7	3	28	15	277
0.062	1	37	7	3	29	15	277
0.063	1	22	7	4	3	15	277
0.063	1	6	7	4	30	15	277
0.063	1	12	7	4	31	15	277
0.063	1	34	7	4	32	15	277
0.063	1	40	7	4	33	15	277
0.063	1	15	7	4	46	11	145
0.063	1	1	7	4	47	11	145
0.063	1	24	7	4	48	14	225
0.063	1	21	7	4	49	15	277
0.063	1	16	7	4	50	10	121
0.063	1	23	7	4	51	15	277
0.063	1	19	7	4	52	10	121
0.063	1	3	7	4	53	13	201
0.063	1	8	7	4	63	15	277
0.063	1	20	7	4	64	15	277
0.063	1	18	7	4	65	15	277
0.064	1	25	7	5	6	15	277
0.064	1	17	7	5	66	15	277
0.064	1	29	7	5	67	15	277
0.064	1	31	7	5	68	15	277
0.064	1	27	7	5	69	15	277
0.064	1	9	7	5	70	15	277
0.064	1	36	7	5	73	15	277
0.064	1	4	7	5	74	15	277
0.064	1	35	7	5	75	15	277
0.064	1	2	7	5	76	15	277
0.064	1	30	7	5	77	15	277
0.064	1	10	7	5	78	15	277
0.064	1	26	7	5	79	15	277
0.064	1	11	7	5	80	15	277
0.064	1	7	7	5	1	15	277
0.064	1	39	7	5	2	15	277
0.065	1	20	7	6	64	15	277
0.065	1	36	7	6	73	15	277
0.065	1	22	7	6	3	15	277
0.065	1	38	7	6	4	15	277
0.065	1	28	7	6	5	15	277
0.065	1	25	7	6	6	15	277
0.065	1	13	7	6	7	15	277
0.065	1	5	7	6	8	15	277
0.065	1	32	7	6	26	15	277
0.065	1	14	7	6	27	15	277
0.065	1	33	7	6	28	15	7
0.065	1	37	7	6	29	15	7
0.065	1	6	7	6	30	15	7
0.065	1	12	7	6	31	15	277
0.065	1	34	7	6	32	15	277
0.065	1	40	7	6	33	14	225
0.066	1	10	7	7	78	15	277
0.066	1	22	7	7	3	15	277
0.066	1	30	7	7	77	15	277
0.066	1	35	7	7	75	15	277
0.066	1	15	7	7	46	11	145
0.066	1	1	7	7	47	11	145
0.066	1	24	7	7	48	14	225
0.066	1	21	7	7	49	15	277
0.066	1	16	7	7	50	10	121
0.066	1	23	7	7	51	15	277
0.066	1	19	7	7	52	10	121
0.066	1	3	7	7	53	13	201
0.066	1	8	7	7	63	15	277
0.066	1	20	7	7	64	10	121
0.066	1	18	7	7	65	10	121
0.066	1	17	7	7	66	13	201
0.067	1	33	7	8	28	15	277
0.067	1	29	7	8	67	11	145
0.067	1	31	7	8	68	11	7
0.067	1	27	7	8	69	11	7
0.067	1	9	7	8	70	15	277
0.067	1	36	7	8	73	15	277
0.067	1	4	7	8	74	15	277
0.067	1	35	7	8	75	15	277
0.067	1	2	7	8	76	15	277
0.067	1	30	7	8	77	15	277
0.067	1	10	7	8	78	15	277
0.067	1	26	7	8	79	15	277
0.067	1	11	7	8	80	15	277
0.067	1	7	7	8	1	13	201
0.067	1	39	7	8	2	12	173
0.068	1	18	7	9	65	15	277
0.068	1	20	7	9	64	15	277
0.068	1	38	7	9	4	12	173
0.068	1	28	7	9	5	15	277
0.068	1	25	7	9	6	15	277
0.068	1	13	7	9	7	15	277
0.068	1	5	7	9	8	15	277
0.068	1	32	7	9	26	15	277
0.068	1	14	7	9	27	15	277
0.068	1	33	7	9	28	15	277
0.068	1	37	7	9	29	15	277
0.068	1	6	7	9	30	15	277
0.068	1	12	7	9	31	15	277
0.068	1	34	7	9	32	15	277
0.068	1	40	7	9	33	15	277
0.068	1	15	7	9	46	11	145
0.069	1	22	7	10	3	15	277
0.069	1	25	7	10	6	15	277
0.069	1	33	7	10	28	15	277
0.069	1	1	7	10	47	11	145
0.069	1	24	7	10	48	14	225
0.069	1	21	7	10	49	15	277
0.069	1	16	7	10	50	10	121
0.069	1	23	7	10	51	15	277
0.069	1	19	7	10	52	10	121
0.069	1	3	7	10	53	13	201
0.069	1	8	7	10	63	15	277
0.069	1	20	7	10	64	10	121
0.069	1	18	7	10	65	11	145
0.069	1	17	7	10	66	13	201
0.069	1	31	7	10	68	14	225
0.07	1	18	8	1	65	15	277
0.07	1	20	8	1	64	15	277
0.07	1	27	8	1	69	15	277
0.07	1	9	8	1	70	14	225
0.07	1	36	8	1	73	14	7
0.07	1	4	8	1	74	14	7
0.07	1	35	8	1	75	14	7
0.07	1	2	8	1	76	14	7
0.07	1	30	8	1	77	14	7
0.07	1	10	8	1	78	14	7
0.07	1	26	8	1	79	15	277
0.07	1	11	8	1	80	15	277
0.07	1	7	8	1	1	15	277
0.07	1	39	8	1	2	15	277
0.07	1	22	8	1	3	15	277
0.07	1	38	8	1	4	15	277
0.071	1	10	8	2	78	15	277
0.071	1	29	8	2	67	15	277
0.071	1	30	8	2	77	15	277
0.071	1	35	8	2	75	15	277
0.071	1	36	8	2	73	15	277
0.071	1	28	8	2	5	15	277
0.071	1	25	8	2	6	15	277
0.071	1	13	8	2	7	15	277
0.071	1	5	8	2	8	15	277
0.071	1	32	8	2	26	13	201
0.071	1	14	8	2	27	15	277
0.071	1	33	8	2	28	15	277
0.071	1	37	8	2	29	15	277
0.071	1	6	8	2	30	15	277
0.071	1	12	8	2	31	15	277
0.071	1	34	8	2	32	15	277
0.072	1	22	8	3	3	15	277
0.072	1	25	8	3	6	15	277
0.072	1	40	8	3	33	15	277
0.072	1	15	8	3	46	11	145
0.072	1	1	8	3	47	11	145
0.072	1	24	8	3	48	14	225
0.072	1	21	8	3	49	15	277
0.072	1	16	8	3	50	10	121
0.072	1	23	8	3	51	15	277
0.072	1	19	8	3	52	10	121
0.072	1	3	8	3	53	13	201
0.072	1	8	8	3	63	15	277
0.072	1	20	8	3	64	10	121
0.072	1	18	8	3	65	10	121
0.072	1	17	8	3	66	13	201
0.072	1	29	8	3	67	11	145
0.073	1	31	8	4	68	14	225
0.073	1	27	8	4	69	15	277
0.073	1	9	8	4	70	14	225
0.073	1	36	8	4	73	11	145
0.073	1	4	8	4	74	15	277
0.073	1	35	8	4	75	15	277
0.073	1	2	8	4	76	15	277
0.073	1	30	8	4	77	15	277
0.073	1	10	8	4	78	15	277
0.073	1	7	8	4	1	13	201
0.073	1	39	8	4	2	12	173
0.073	1	38	8	4	4	12	173
0.073	1	28	8	4	5	15	277
0.074	1	10	8	5	78	15	277
0.074	1	30	8	5	77	15	277
0.074	1	35	8	5	75	15	277
0.074	1	36	8	5	73	15	277
0.074	1	13	8	5	7	15	277
0.074	1	5	8	5	8	15	277
0.074	1	32	8	5	26	13	201
0.074	1	14	8	5	27	15	277
0.074	1	33	8	5	28	15	277
0.074	1	37	8	5	29	15	277
0.074	1	12	8	5	31	15	277
0.074	1	34	8	5	32	15	277
0.074	1	40	8	5	33	15	277
0.074	1	15	8	5	46	11	145
0.075	1	25	8	6	6	15	277
0.075	1	33	8	6	28	15	277
0.075	1	1	8	6	47	11	145
0.075	1	24	8	6	48	14	225
0.075	1	21	8	6	49	15	277
0.075	1	16	8	6	50	10	121
0.075	1	23	8	6	51	15	277
0.075	1	19	8	6	52	10	121
0.075	1	3	8	6	53	13	201
0.075	1	8	8	6	63	15	277
0.075	1	20	8	6	64	10	121
0.075	1	18	8	6	65	11	145
0.075	1	17	8	6	66	13	201
0.075	1	29	8	6	67	11	145
0.075	1	31	8	6	68	14	225
0.075	1	27	8	6	69	15	277
0.076	1	9	8	7	70	14	225
0.076	1	36	8	7	73	11	145
0.076	1	4	8	7	74	15	277
0.076	1	35	8	7	75	11	145
0.076	1	2	8	7	76	15	277
0.076	1	30	8	7	77	15	277
0.076	1	10	8	7	78	15	277
0.076	1	26	8	7	79	15	277
0.076	1	11	8	7	80	15	277
0.076	1	7	8	7	1	15	277
0.076	1	39	8	7	2	15	277
0.076	1	22	8	7	3	15	277
0.076	1	38	8	7	4	15	277
0.076	1	28	8	7	5	15	277
0.076	1	25	8	7	6	15	277
0.076	1	13	8	7	7	15	277
0.077	1	22	8	8	3	15	277
0.077	1	5	8	8	8	15	277
0.077	1	32	8	8	26	15	277
0.077	1	14	8	8	27	15	277
0.077	1	33	8	8	28	15	277
0.077	1	37	8	8	29	15	277
0.077	1	6	8	8	30	15	277
0.077	1	12	8	8	31	15	277
0.077	1	34	8	8	32	15	277
0.077	1	40	8	8	33	14	225
0.077	1	15	8	8	46	11	145
0.077	1	1	8	8	47	11	145
0.077	1	24	8	8	48	14	225
0.077	1	16	8	8	50	10	121
0.077	1	23	8	8	51	15	277
0.078	1	25	8	9	6	15	277
0.078	1	33	8	9	28	15	277
0.078	1	19	8	9	52	10	121
0.078	1	3	8	9	53	13	201
0.078	1	8	8	9	63	15	277
0.078	1	20	8	9	64	10	121
0.078	1	18	8	9	65	11	145
0.078	1	17	8	9	66	13	201
0.078	1	29	8	9	67	15	277
0.078	1	31	8	9	68	14	225
0.078	1	27	8	9	69	15	277
0.078	1	9	8	9	70	14	225
0.078	1	36	8	9	73	11	145
0.078	1	4	8	9	74	15	277
0.078	1	35	8	9	75	11	145
0.078	1	2	8	9	76	15	277
0.079	1	30	8	10	77	11	145
0.079	1	10	8	10	78	11	145
0.079	1	26	8	10	79	15	277
0.079	1	11	8	10	80	15	277
0.079	1	7	8	10	1	15	277
0.079	1	39	8	10	2	15	277
0.079	1	22	8	10	3	15	277
0.079	1	38	8	10	4	12	173
0.079	1	28	8	10	5	15	277
0.079	1	25	8	10	6	15	277
0.079	1	13	8	10	7	15	277
0.079	1	5	8	10	8	15	277
0.079	1	32	8	10	26	15	277
0.079	1	14	8	10	27	15	277
0.079	1	33	8	10	28	15	277
0.079	1	37	8	10	29	15	277
0.08	1	10	9	1	78	15	277
0.08	1	30	9	1	77	15	277
0.08	1	35	9	1	75	15	277
0.08	1	6	9	1	30	14	225
0.08	1	12	9	1	31	15	277
0.08	1	34	9	1	32	15	277
0.08	1	40	9	1	33	15	277
0.08	1	15	9	1	46	15	277
0.08	1	1	9	1	47	11	145
0.08	1	24	9	1	48	14	225
0.08	1	21	9	1	49	15	277
0.08	1	16	9	1	50	10	121
0.08	1	23	9	1	51	15	277
0.08	1	19	9	1	52	10	121
0.08	1	3	9	1	53	13	201
0.08	1	8	9	1	63	15	277
0.081	1	33	9	2	28	15	277
0.081	1	20	9	2	64	10	121
0.081	1	18	9	2	65	11	145
0.081	1	17	9	2	66	13	201
0.081	1	29	9	2	67	15	277
0.081	1	31	9	2	68	15	277
0.081	1	27	9	2	69	15	277
0.081	1	9	9	2	70	14	225
0.081	1	36	9	2	73	11	145
0.081	1	4	9	2	74	15	277
0.081	1	35	9	2	75	11	145
0.081	1	2	9	2	76	15	277
0.081	1	30	9	2	77	11	145
0.081	1	10	9	2	78	11	145
0.081	1	26	9	2	79	15	277
0.081	1	11	9	2	80	15	277
0.082	1	7	9	3	1	13	201
0.082	1	39	9	3	2	12	173
0.082	1	22	9	3	3	12	7
0.082	1	38	9	3	4	12	173
0.082	1	28	9	3	5	15	277
0.082	1	13	9	3	7	15	277
0.082	1	5	9	3	8	15	277
0.082	1	32	9	3	26	15	277
0.082	1	14	9	3	27	15	277
0.082	1	33	9	3	28	15	277
0.082	1	37	9	3	29	15	277
0.082	1	6	9	3	30	15	7
0.082	1	12	9	3	31	15	277
0.082	1	34	9	3	32	15	277
0.082	1	40	9	3	33	15	277
0.083	1	10	9	4	78	15	277
0.083	1	22	9	4	3	15	277
0.083	1	25	9	4	6	15	277
0.083	1	30	9	4	77	15	277
0.083	1	15	9	4	46	15	277
0.083	1	21	9	4	49	15	277
0.083	1	16	9	4	50	10	121
0.083	1	23	9	4	51	15	277
0.083	1	19	9	4	52	10	121
0.083	1	3	9	4	53	13	201
0.083	1	8	9	4	63	15	277
0.083	1	20	9	4	64	10	121
0.083	1	18	9	4	65	10	121
0.083	1	17	9	4	66	13	201
0.084	1	33	9	5	28	15	277
0.084	1	29	9	5	67	15	277
0.084	1	31	9	5	68	15	277
0.084	1	27	9	5	69	15	277
0.084	1	9	9	5	70	14	225
0.084	1	4	9	5	74	15	277
0.084	1	2	9	5	76	15	277
0.084	1	26	9	5	79	15	277
0.084	1	11	9	5	80	15	277
0.084	1	7	9	5	1	13	201
0.084	1	39	9	5	2	12	173
0.084	1	22	9	5	3	15	277
0.085	1	29	9	6	67	15	277
0.085	1	38	9	6	4	12	173
0.085	1	28	9	6	5	15	277
0.085	1	13	9	6	7	15	277
0.085	1	5	9	6	8	15	277
0.085	1	32	9	6	26	13	201
0.085	1	14	9	6	27	15	277
0.085	1	33	9	6	28	15	277
0.085	1	37	9	6	29	15	277
0.085	1	6	9	6	30	15	277
0.085	1	12	9	6	31	15	277
0.085	1	34	9	6	32	15	277
0.085	1	40	9	6	33	15	277
0.085	1	15	9	6	46	15	277
0.085	1	1	9	6	47	11	145
0.086	1	22	9	7	3	15	277
0.086	1	25	9	7	6	15	277
0.086	1	33	9	7	28	15	277
0.086	1	24	9	7	48	14	225
0.086	1	21	9	7	49	14	7
0.086	1	16	9	7	50	10	121
0.086	1	23	9	7	51	15	277
0.086	1	19	9	7	52	10	121
0.086	1	3	9	7	53	13	201
0.086	1	8	9	7	63	15	277
0.086	1	20	9	7	64	10	121
0.086	1	18	9	7	65	11	145
0.086	1	17	9	7	66	13	201
0.086	1	29	9	7	67	15	277
0.086	1	31	9	7	68	15	277
0.086	1	27	9	7	69	15	277
0.087	1	15	9	8	46	15	277
0.087	1	9	9	8	70	14	225
0.087	1	36	9	8	73	11	145
0.087	1	4	9	8	74	15	277
0.087	1	35	9	8	75	11	145
0.087	1	30	9	8	77	11	145
0.087	1	10	9	8	78	11	145
0.087	1	26	9	8	79	15	277
0.087	1	11	9	8	80	15	277
0.087	1	7	9	8	1	13	201
0.087	1	39	9	8	2	12	173
0.087	1	38	9	8	4	12	173
0.087	1	28	9	8	5	15	277
0.087	1	25	9	8	6	15	277
0.088	1	29	9	9	67	15	277
0.088	1	13	9	9	7	15	277
0.088	1	5	9	9	8	15	277
0.088	1	32	9	9	26	13	201
0.088	1	14	9	9	27	15	277
0.088	1	33	9	9	28	15	277
0.088	1	37	9	9	29	15	277
0.088	1	6	9	9	30	15	277
0.088	1	12	9	9	31	15	277
0.088	1	34	9	9	32	15	277
0.088	1	40	9	9	33	15	277
0.088	1	15	9	9	46	15	277
0.088	1	24	9	9	48	14	225
0.088	1	21	9	9	49	15	277
0.088	1	16	9	9	50	10	121
0.089	1	33	9	10	28	15	277
0.089	1	23	9	10	51	15	277
0.089	1	19	9	10	52	10	121
0.089	1	3	9	10	53	13	201
0.089	1	8	9	10	63	15	277
0.089	1	20	9	10	64	10	121
0.089	1	18	9	10	65	11	145
0.089	1	17	9	10	66	13	201
0.089	1	29	9	10	67	11	145
0.089	1	31	9	10	68	14	225
0.089	1	27	9	10	69	15	277
0.089	1	9	9	10	70	14	225
0.089	1	36	9	10	73	11	145
0.089	1	4	9	10	74	15	277
0.089	1	35	9	10	75	11	145
0.089	1	2	9	10	76	15	277
0.09	1	15	10	1	46	15	277
0.09	1	30	10	1	77	11	145
0.09	1	10	10	1	78	11	145
0.09	1	26	10	1	79	15	277
0.09	1	11	10	1	80	15	277
0.09	1	7	10	1	1	15	277
0.09	1	39	10	1	2	15	277
0.09	1	22	10	1	3	15	277
0.09	1	38	10	1	4	15	277
0.09	1	28	10	1	5	15	277
0.09	1	25	10	1	6	15	277
0.09	1	13	10	1	7	15	277
0.09	1	5	10	1	8	15	277
0.09	1	32	10	1	26	15	277
0.09	1	14	10	1	27	15	277
0.09	1	33	10	1	28	15	277
0.091	1	22	10	2	3	15	277
0.091	1	29	10	2	67	15	277
0.091	1	37	10	2	29	15	277
0.091	1	6	10	2	30	15	277
0.091	1	12	10	2	31	15	277
0.091	1	34	10	2	32	15	277
0.091	1	40	10	2	33	15	277
0.091	1	15	10	2	46	15	277
0.091	1	1	10	2	47	15	7
0.091	1	24	10	2	48	15	7
0.091	1	21	10	2	49	15	277
0.091	1	16	10	2	50	10	121
0.091	1	23	10	2	51	15	277
0.091	1	19	10	2	52	10	121
0.091	1	3	10	2	53	13	201
0.091	1	8	10	2	63	15	277
0.092	1	15	10	3	46	15	277
0.092	1	33	10	3	28	15	277
0.092	1	20	10	3	64	10	121
0.092	1	18	10	3	65	11	145
0.092	1	17	10	3	66	13	201
0.092	1	29	10	3	67	11	145
0.092	1	31	10	3	68	14	225
0.092	1	27	10	3	69	15	277
0.092	1	9	10	3	70	14	225
0.092	1	36	10	3	73	14	7
0.092	1	4	10	3	74	15	277
0.092	1	35	10	3	75	15	7
0.092	1	2	10	3	76	15	277
0.092	1	30	10	3	77	11	145
0.092	1	10	10	3	78	11	145
0.092	1	26	10	3	79	15	277
0.093	1	29	10	4	67	15	277
0.093	1	11	10	4	80	15	277
0.093	1	7	10	4	1	13	201
0.093	1	39	10	4	2	12	173
0.093	1	22	10	4	3	15	277
0.093	1	38	10	4	4	12	173
0.093	1	28	10	4	5	15	277
0.093	1	25	10	4	6	15	277
0.093	1	13	10	4	7	15	277
0.093	1	5	10	4	8	15	277
0.093	1	32	10	4	26	13	201
0.093	1	14	10	4	27	15	277
0.093	1	33	10	4	28	15	277
0.093	1	37	10	4	29	15	277
0.093	1	6	10	4	30	15	277
0.093	1	12	10	4	31	15	277
0.094	1	25	10	5	6	15	277
0.094	1	34	10	5	32	15	277
0.094	1	40	10	5	33	14	225
0.094	1	15	10	5	46	11	145
0.094	1	1	10	5	47	15	277
0.094	1	24	10	5	48	15	277
0.094	1	21	10	5	49	15	277
0.094	1	16	10	5	50	10	121
0.094	1	23	10	5	51	15	277
0.094	1	19	10	5	52	10	121
0.094	1	3	10	5	53	13	201
0.094	1	8	10	5	63	15	277
0.094	1	17	10	5	66	13	201
0.094	1	29	10	5	67	15	277
0.095	1	15	10	6	46	15	277
0.095	1	33	10	6	28	15	277
0.095	1	31	10	6	68	14	225
0.095	1	27	10	6	69	15	277
0.095	1	9	10	6	70	14	225
0.095	1	36	10	6	73	15	277
0.095	1	4	10	6	74	15	277
0.095	1	35	10	6	75	15	277
0.095	1	2	10	6	76	15	7
0.095	1	30	10	6	77	15	277
0.095	1	10	10	6	78	15	277
0.095	1	26	10	6	79	15	277
0.095	1	11	10	6	80	15	277
0.095	1	7	10	6	1	13	201
0.095	1	39	10	6	2	12	173
0.095	1	22	10	6	3	10	121
0.096	1	38	10	7	4	12	173
0.096	1	28	10	7	5	15	277
0.096	1	25	10	7	6	15	277
0.096	1	13	10	7	7	15	277
0.096	1	5	10	7	8	15	277
0.096	1	32	10	7	26	13	201
0.096	1	14	10	7	27	15	277
0.096	1	33	10	7	28	15	277
0.096	1	37	10	7	29	15	277
0.096	1	6	10	7	30	15	277
0.096	1	12	10	7	31	15	277
0.096	1	34	10	7	32	15	277
0.096	1	40	10	7	33	15	277
0.096	1	15	10	7	46	15	277
0.096	1	1	10	7	47	15	7
0.096	1	24	10	7	48	15	277
0.097	1	22	10	8	3	15	277
0.097	1	25	10	8	6	15	277
0.097	1	33	10	8	28	15	277
0.097	1	21	10	8	49	15	277
0.097	1	23	10	8	51	15	277
0.097	1	3	10	8	53	13	201
0.097	1	8	10	8	63	15	277
0.097	1	20	10	8	64	10	121
0.097	1	18	10	8	65	11	145
0.097	1	17	10	8	66	13	201
0.097	1	29	10	8	67	15	277
0.097	1	31	10	8	68	15	277
0.097	1	27	10	8	69	15	277
0.097	1	9	10	8	70	14	225
0.098	1	15	10	9	46	15	277
0.098	1	36	10	9	73	15	277
0.098	1	4	10	9	74	15	277
0.098	1	35	10	9	75	15	277
0.098	1	2	10	9	76	15	277
0.098	1	30	10	9	77	15	277
0.098	1	10	10	9	78	15	277
0.098	1	26	10	9	79	15	277
0.098	1	11	10	9	80	15	277
0.098	1	7	10	9	1	13	201
0.098	1	39	10	9	2	12	173
0.098	1	22	10	9	3	15	277
0.098	1	38	10	9	4	12	173
0.098	1	28	10	9	5	15	277
0.098	1	13	10	9	7	15	277
0.099	1	5	10	10	8	15	277
0.099	1	32	10	10	26	13	201
0.099	1	14	10	10	27	15	277
0.099	1	37	10	10	29	15	277
0.099	1	6	10	10	30	14	225
0.099	1	12	10	10	31	15	277
0.099	1	34	10	10	32	15	277
0.099	1	40	10	10	33	14	225
0.099	1	15	10	10	46	11	145
0.099	1	1	10	10	47	15	277
0.099	1	24	10	10	48	15	277
0.099	1	21	10	10	49	15	277
0.099	1	16	10	10	50	10	121
0.099	1	23	10	10	51	15	277
0.099	1	19	10	10	52	10	121
